Local_alignment_Tm	Gap_adjusted_end_filling_Tm
61.03	39.47
56.17	29.25
53.33	-11.55
51.16	-33.95
51.16	-30.07
51.16	-30.07
51.16	-72.41
51.16	-33.95
52.84	-76.15
51.16	-33.95
61.03	43.94
52.81	23.3
52.74	26.25
56.19	24.72
55.14	-41.16
55.65	-84.68
55.14	-41.16
55.14	-41.16
55.14	-52.69
55.14	-41.16
50.36	27.02
55.14	-57.22
55.14	-41.16
55.14	-41.16
55.14	-41.16
55.14	-41.16
56.92	-16.42
57.32	14.63
52.1	-250.16
52.1	-250.16
61.3	31.85
56.46	-20.6
52.1	-250.16
52.1	-250.16
53.19	-35.7
52.1	-250.16
52.1	-250.16
55.67	7.48
52.1	-250.16
53.19	-35.7
57.71	35.74
55.47	32.89
50.08	17.28
50.08	15
50.83	12.96
50.83	11.14
63.79	15.95
63.79	17.68
61.19	17.68
63.79	17.68
63.79	17.68
63.79	19.43
63.79	17.68
63.79	15.95
63.8	-6.28
63.8	-6.28
63.79	17.68
63.79	17.68
61.19	17.68
63.79	15.95
63.79	17.68
61.19	17.68
63.79	15.95
63.8	-6.28
63.79	15.95
62.68	10.55
58	17.17
58	36.22
58	17.17
58	18.88
58	18.88
58	18.88
54.34	-14.39
61.54	18.4
62.68	12.47
62.68	12.47
62.68	13.54
58	18.88
58	17.17
58	18.88
58	17.17
58	17.17
61.19	15.95
61.19	17.68
62.68	19.41
58	18.88
58	18.88
62.14	26.35
59.52	-21.36
63.79	15.95
63.79	15.95
56.25	4.25
56.25	4.25
56.25	4.25
56.25	4.25
56.25	-17.44
56.25	-17.44
59.3	34.16
53.84	31.2
54.74	32.61
53.4	19.2
54.93	-47.45
61.79	-127.63
56.67	7.81
56.67	7.81
58.03	-73.45
61.79	-127.63
52.87	38.32
57.52	28.81
50.83	18.03
50.83	17
61.79	-133.72
58.03	-77.15
61.79	-133.72
54.73	39.47
56.96	-0.23
57.52	25.02
50.08	18.5
57.6	32
46.94	-69.66
48.53	-54.42
59.27	-31.69
42.29	15.47
42.6	-80.43
54.24	21.01
54.26	-32.08
54.23	25.56
54.48	10.61
54.09	-37.39
51.28	-8.48
59.76	51.96
56.13	-25.58
59.14	-2.4
53.84	35.78
54.74	27.25
53.4	21.05
54.93	-30.68
57.08	-9.22
49.27	24.92
46.78	-65.65
53.84	35.18
54.24	-7.35
54.74	29.41
54.93	-25.03
59.78	-35.19
53.4	29.32
57.08	-14.26
61.79	-153.3
56.67	4.19
56.67	4.19
58.03	-88.73
61.79	-153.3
52.87	39.03
57.52	29.85
52.62	-43.54
53.95	-14.07
54.26	24.58
56.13	27.39
54.26	24.58
47.04	18.4
54.04	30.14
50.87	-14.84
58.03	-42.32
60.7	-112.11
56.96	9.07
60.7	-112.11
57.52	32.07
54.04	30.71
50.87	-10.44
53.97	29.75
54.38	34.43
53.97	29.75
48.92	26.9
49.69	16.04
58.05	-4.5
52.28	13.48
54.1	26.59
55.97	13.9
51.49	-118.15
62.94	20.18
57.51	11.85
57.51	11.85
55.94	22.48
55.94	21.25
57.51	18.08
57.51	11.85
55.94	21.25
54.85	-50.14
54.85	-47.55
55.94	21.25
55.47	33.51
54.85	-47.55
54.85	-50.14
55.94	21.25
54.85	-41.97
54.85	-47.55
57.51	14.47
56.6	27.49
54.85	-47.55
54.85	-41.97
48.26	13.56
53.09	-66.57
53.44	-33.54
50.91	-35.64
54.61	-20.26
52.06	31.2
50.73	27.75
50.73	27.75
50.73	27.75
50.73	27.75
49.84	-6.18
49.84	-6.18
49.84	-6.18
49.84	-6.18
52.81	23.42
52.74	20.08
56.19	28.64
55.65	-51.14
50.36	21.15
50.32	-21.02
50.32	-21.02
52.81	23.52
52.74	20.09
56.19	27.7
50.36	21.18
55.65	-62.44
50.32	-22.52
50.32	-22.52
57.28	-46.12
53.76	20.33
53.81	42.25
52.06	31.07
57.08	-17.45
63.52	35.86
55.73	21.86
55.73	21.86
58.91	27.82
54.45	39.43
57.07	-10.13
54.32	34.84
56.49	32.78
52.42	23.34
52.04	19.99
55.05	-0.08
58.87	-41.95
52.06	34.72
53.81	40.15
54.24	15.75
54.26	-56.04
53.04	21.66
51.89	-26.73
53.1	21.35
53.1	21.35
56.17	27.23
56.57	35.6
58.57	36.57
58.57	36.57
58.14	13.15
52.04	26.38
56.49	30.2
51.06	-57.77
51.27	32.95
52.9	13.8
52.9	13.8
51.27	32.95
51.27	32.95
51.27	32.95
51.27	32.95
51.27	32.95
51.27	32.95
51.27	32.95
51.27	32.95
51.27	32.95
51.27	32.95
51.27	32.95
51.27	32.95
51.27	32.95
51.27	32.95
51.27	32.95
51.27	32.95
51.31	32.95
51.27	32.95
51.27	32.95
51.27	32.95
51.27	32.95
51.27	32.95
51.27	32.95
51.27	32.95
51.27	32.95
51.27	32.95
52.72	33.51
53.19	-18.58
54.32	39.59
57.59	-5.35
53.4	28.33
54.85	-53.95
54.85	-45.15
55.47	31.86
54.85	-45.15
54.85	-53.95
54.85	-45.39
54.85	-45.15
54.85	-45.15
54.85	-45.39
57.51	17.65
57.51	17.65
55.94	27.57
55.94	21.28
57.51	18.04
57.51	17.65
55.94	21.28
54.85	-53.98
55.94	21.28
55.47	32.89
54.85	-53.98
54.85	-53.98
55.94	21.28
54.85	-45.09
54.85	-53.98
57.51	18.04
54.85	-53.98
54.85	-53.98
54.85	-45.09
57.84	-34.76
50.83	13.7
50.83	11.94
57.59	-1.27
53.4	30.6
58.27	39.23
58.93	39.34
62.52	35.17
63.97	-0.2
50.08	14.86
53.76	17.51
56.63	-46.12
53.1	21.19
53.1	21.19
53.1	21.19
51.85	7.75
52.72	32.67
53.19	-29.43
54.32	41.24
63.79	15.29
63.79	17.01
63.85	19.93
63.79	17.01
63.79	17.01
63.79	18.78
63.79	17.01
63.79	15.29
63.8	-7.02
63.8	-7.02
63.79	17.01
63.79	17.01
61.19	14.35
63.79	15.29
63.79	17.01
61.19	17.01
63.79	15.29
63.8	-7.02
63.79	15.29
62.68	9.86
58	16.49
58	37.45
58	16.49
58	18.21
61.58	26.52
58	18.21
54.34	-15.17
61.54	17.71
65.29	36.21
62.68	11.78
62.68	11.78
62.68	12.86
58	18.21
58	16.49
58	17.95
58	16.49
58	16.49
61.19	12.57
61.19	17.01
62.68	18.76
58	15.55
62.14	25.72
59.52	-22.19
63.79	15.29
63.79	15.29
58.09	13.49
56.57	-9.68
56.25	3.33
56.25	3.33
56.25	3.33
56.25	3.33
56.25	-18.2
56.25	-18.2
54.36	4.22
53.97	23.01
54.38	40.95
54.36	4.34
53.97	23.01
47.12	18.49
52.62	-32.38
56.49	34.53
53.82	-51.11
46.94	-65.06
59.27	-29.5
42.29	11.23
42.6	-75.21
56.49	32.87
52.42	22.72
59.3	35.84
52.62	-48.61
56.49	30.95
53.1	24.21
53.1	24.21
53.1	24.21
55.47	33.17
51.27	33.58
51.27	33.58
51.27	33.58
51.27	33.58
51.27	33.58
51.27	33.58
51.27	33.58
51.27	33.58
51.27	33.58
51.27	33.58
51.27	33.58
51.27	33.58
51.27	33.58
51.27	33.58
51.27	33.58
51.27	33.58
51.27	33.58
51.31	33.58
51.27	33.58
51.27	33.58
51.27	33.58
51.27	33.58
51.27	33.58
51.27	33.58
51.27	33.58
51.27	33.58
51.27	33.58
46.78	-76.23
51.16	-48.22
51.16	-42.97
51.16	-42.97
51.16	-100.23
51.66	-86.31
50.7	14.02
51.16	-48.22
51.16	-48.22
59.63	43.82
59.51	47.66
60.42	38.12
60.42	38.12
60.42	38.12
57.59	-6.15
53.4	27.66
53.84	30.92
54.74	32.25
54.93	-44.37
54.09	-56.66
43.83	-32.37
58.03	-55.21
49.41	-30.38
53.97	11.98
58.03	-70.71
58.03	-55.21
58.03	-70.71
54.61	-21.19
50.73	28.66
50.73	28.66
50.73	28.66
48.29	28.38
49.84	-7.02
49.84	-7.02
49.84	-7.02
49.84	-7.02
50.54	30.81
50.87	-1.06
55.65	0.74
54.61	-21.19
54.37	43.73
50.73	26.86
50.73	26.86
50.73	26.86
58.36	-3.48
49.84	-8.61
49.84	-3.48
49.84	-8.61
49.84	-8.61
58.87	-41.09
53.81	40.7
52.06	36.19
49.69	17.28
55.88	0.45
52.28	14.92
54.1	27.62
55.97	24.52
51.49	-94.76
57.08	-5.58
44.08	-39.7
49.27	24.3
46.78	-63.51
53.76	15.3
54.66	-22.62
46.78	-106.47
52.72	30.39
54.32	39.65
53.09	-62.26
53.44	-31.43
50.91	-33.42
50.99	-12.02
53.1	20.05
53.1	20.05
60.13	-30.82
60.13	-30.82
53.95	-12.73
54.26	25.66
56.13	27.22
54.26	25.56
55.72	-16.17
48.47	17.22
58.84	22.74
61.31	-107.07
61.31	-107.07
56.63	-19.37
57.64	-65.49
62.93	52.95
63.74	37.82
60.8	20.88
63.74	37.82
60.48	14.26
58.03	-47.6
60.23	-111.21
58.03	-47.6
60.23	-111.21
57.52	36.91
56.49	37.55
51.06	-59
57.59	-2.06
53.4	30.9
46.78	-97.81
60.33	25.49
60.33	25.49
58.85	33.69
58.85	28.24
60.33	25.64
60.33	25.49
58.85	28.24
54.85	-46.01
54.85	-54.95
60.33	25.64
56.6	25.51
58.85	28.24
54.85	-54.95
58.85	28.24
55.47	32.29
54.85	-54.95
54.85	-54.95
54.85	-54.95
54.85	-54.95
54.85	-46.01
50.54	29.57
50.87	-5.3
60.79	26.27
59.48	28.08
54.79	32.96
55.65	40.26
55.48	32.73
55.02	-35.1
56.49	26.86
55.02	-35.1
57.03	-12.61
60.6	12.69
58.22	18.88
51.08	23.35
51.85	22.43
56.17	20.05
54.05	-60.58
54.05	-60.58
54.96	-93.77
51.59	25.73
54.05	-60.58
54.05	-60.58
54.05	-60.58
54.05	-60.58
54.05	-60.58
56.04	-72.38
51.53	-40.75
54.05	-60.58
54.05	-60.58
54.05	-60.58
54.05	-60.58
54.05	-60.58
54.05	-60.58
54.05	-60.58
54.05	-60.58
54.05	-60.58
54.05	-60.58
54.05	-60.58
54.05	-60.58
54.05	-60.58
54.05	-60.58
54.05	-55.25
54.05	-60.58
54.05	-60.58
54.05	-60.58
54.05	-60.58
54.05	-60.58
54.92	-60.58
54.05	-60.58
54.05	-60.58
54.05	-60.58
54.05	-60.58
54.05	-60.58
54.05	-60.58
53.76	24.47
56.63	-45.26
58.85	30.87
55.47	32.58
52.87	9.93
55.73	14.14
63.52	34.48
55.73	14.14
55.73	14.14
58.91	25.75
55.73	14.14
54.45	39.85
53.09	-55.77
53.44	-26.99
50.91	-26.57
53.84	30.58
54.09	-46.34
51.28	-4.78
53.1	21.71
51.85	15.9
53.1	21.71
53.1	21.71
53.1	21.71
55.41	7.71
58.23	-27.11
58.23	-27.11
52.04	22.03
55.05	-21.81
48.26	12.9
51.28	-17.19
53.84	31.53
54.74	31.07
54.09	-45.7
54.36	3.45
53.97	24.31
54.38	42.62
54.36	3.57
53.97	24.31
47.12	17.76
54.26	-55.82
54.24	16.7
60.6	12.03
58.22	12.3
58.57	33.82
51.08	22.71
51.85	18.14
51.85	5.94
53.1	21.02
53.1	21.02
53.1	21.02
50.08	23.2
59.16	-5.43
57.08	-16.36
57.39	35.5
59.01	-64.45
54.35	33.06
53.84	30.92
54.74	29.41
53.4	20.38
54.93	-44.26
59.16	-8.52
57.08	-17.26
57.39	30.38
59.01	-59.56
54.35	32.41
58.03	-42.51
60.7	-114.29
56.96	4.47
60.7	-114.29
57.52	25.15
54.85	-53.98
54.85	-44.2
55.47	35.04
54.85	-44.2
54.85	-53.98
54.85	-45.09
54.85	-44.2
54.85	-44.2
54.85	-45.09
59.36	13.44
59.36	29.84
61.52	23.04
57.9	-69.3
61.52	36.62
56.09	15.4
53.09	34.55
53.44	27.84
50.91	23.61
49.69	-19.72
55.88	15.57
52.28	-23.14
54.1	-23.66
55.97	-4.56
51.49	24.88
53.97	40.85
53.97	40.85
51.27	-43.2
49.24	-75.07
51.27	-44.17
51.27	-79.96
51.27	-83.43
51.27	-44.17
51.27	-44.17
51.27	-44.17
51.27	-44.17
51.27	-44.17
51.27	-44.17
51.27	-44.17
51.27	-43.2
51.27	-44.17
51.27	-43.2
51.27	-44.17
51.27	-44.17
51.27	-44.17
55.84	-9.44
51.27	-83.43
51.27	-44.17
51.27	-44.17
51.27	-44.17
51.27	-44.17
51.27	-44.17
51.27	-44.17
51.27	-44.17
51.27	-79.96
46.9	-52.49
57.77	-116.4
60.7	4.78
62.81	-42.79
53.1	-24.45
53.1	-24.45
53.52	-95.15
54.26	-24.83
54.26	-17.2
56.13	-38.83
49.15	-37.22
54.28	-36.19
49.07	-14.18
50.54	-41.35
47.59	29.79
49.52	-43.25
49.52	-43.25
56.19	24.26
53.95	23.91
54.26	-48.2
54.26	-51.56
56.49	1.66
53.95	25.34
54.26	-38.28
56.13	-35.22
54.26	-43.42
48.47	-22.87
53.73	22.66
46.78	10.86
56.17	10.74
54.5	21.91
53.65	-40.15
62.11	-15.04
54.62	1.6
55.52	-6.8
50.03	27.02
58.91	1.23
53.87	-27.91
53.1	-8.47
53.1	-8.47
53.1	-4.89
51.85	-34.9
53.1	-8.47
53.1	-8.47
52.81	-20.19
48.66	-26.76
56.71	-14.81
55.14	44.28
55.65	35.91
55.14	44.28
55.14	44.28
55.14	40.91
55.14	44.28
46.04	-30.74
55.14	42.54
55.14	44.28
55.14	44.28
55.14	44.28
55.14	44.28
53.97	-32.48
54.38	-86.58
48.49	-52.78
53.97	-32.48
45.38	-30.87
48.92	-20.66
56.21	40.74
56.21	40.74
54.52	29.52
54.52	23.29
56.21	31.68
56.21	40.74
54.52	23.29
54.85	15.22
54.85	11
54.52	23.29
55.47	-91.47
54.85	11
54.85	15.22
54.52	23.29
54.85	20.8
54.85	11
54.85	11
54.85	20.8
56.21	31.68
55.24	21.37
60.12	28.85
60.12	28.85
58.23	36.46
58.23	36.46
65.6	46.71
53.09	34.89
55.68	-18.06
52.81	-34.91
46.04	-28.43
56.71	-7.43
55.65	40.65
46.04	-34.92
55.47	-36.51
56.78	35.37
53.1	-18.93
53.1	-18.93
56.63	29.22
57.64	36.04
53.84	-37.41
54.74	-59.55
50.74	29.97
58.87	43.31
52.06	-22.87
53.81	-28.84
59.27	38.13
58.87	41.75
51.23	10.05
53.81	-22.43
52.06	-11.57
58.85	25.71
55.47	-37.45
53.73	26.19
56.49	1.06
60.6	14.94
56	18.33
56.17	13.1
63.52	-6.78
55.73	-24.39
55.73	-24.39
58.91	-10.75
56.36	-50.17
58.65	29.06
58.65	29.06
62.32	1.54
55.73	-26.33
55.73	-26.33
54.48	-33.2
60.13	18.55
57.49	17.16
53.65	-41.09
62.11	-15.98
51.12	23
54.62	0.73
55.52	-16.45
58.91	4.03
53.87	-26.06
59.36	12.07
59.36	29.57
61.52	22.34
61.52	37.21
54.71	-67.7
56.09	14.17
46.21	-66.12
50.87	8.85
61.79	49.5
56.67	42.22
56.67	42.22
58.03	39.86
61.79	49.5
58.81	-18.68
56.96	28.38
57.52	-15.83
56.17	12.47
49.37	24.82
55.86	19.69
61.79	49.38
58.03	39.58
61.79	49.38
58.81	-23.96
56.96	29.89
57.52	-24.85
54.61	34.51
54.37	-137.89
58.36	33.81
49.84	25.43
49.84	21.48
49.84	25.43
49.84	25.43
59.63	-34.11
58.04	-40.15
59.02	-5.21
59.02	-5.21
59.02	-5.21
52.06	-12.43
57.6	48.14
52.06	-12.35
60.19	18.81
58.88	1.93
56.62	-20.16
57.39	-12.75
57.27	-29.32
49.69	-14.46
52.28	-42.19
55.97	-3.49
39.5	-102.69
53.52	-94.21
54.26	-23.89
54.26	-16.27
56.13	-37.91
54.28	-35.25
50.54	-40.46
56.71	37.09
56.88	38.45
53.84	-33.84
54.74	-33.66
53.4	-28.13
50.74	26.11
47.59	27.3
51	-47.37
51	-47.37
52.81	-17.11
48.66	-16.56
56.71	-11.62
55.14	47.08
55.65	38.91
55.14	47.08
55.14	47.08
55.14	40.57
55.14	47.08
46.04	-19.77
55.14	45.49
55.14	47.08
55.14	47.08
55.14	47.08
55.14	47.08
48.82	10.97
53.97	40.42
53.97	40.42
58.23	32.13
58.23	32.13
60.6	14.24
56	17.68
46.73	15.05
46.73	15.05
46.73	15.05
46.73	15.05
46.73	11.39
46.73	15.05
54.05	20.52
54.05	20.52
54.05	20.52
54.05	20.52
54.05	20.52
54.05	20.52
54.05	20.52
54.05	20.52
54.05	20.52
54.92	22.56
54.05	20.52
54.05	20.52
54.05	20.52
54.05	20.52
54.05	20.52
54.05	18.77
58.14	36.33
54.54	30.92
54.05	20.52
54.05	20.52
54.05	20.52
54.05	20.52
54.05	20.52
54.05	20.52
54.05	20.52
54.05	20.52
54.05	20.52
54.05	20.52
49.37	19.37
55.86	18.34
55.73	-20.24
63.52	-0.02
55.73	-20.24
55.73	-20.24
55.74	-7.76
58.91	-1.57
55.73	-20.24
56.36	-29.28
53.84	-23.39
54.74	-32.83
53.4	-27.3
50.74	30.91
53.09	31.58
55.68	-32.62
62.93	-99.25
63.74	-22.3
58.71	-32.28
63.74	-19.09
55.96	29.67
58.87	41.73
53.81	-31.82
52.06	-32.26
51.06	-67.02
45.45	30.25
46.52	-55.17
56.88	36.03
55.54	-18.24
57.52	-44.48
57.07	31.05
54.32	-70.89
61.79	50.73
56.67	36.78
56.67	35.29
58.03	41.56
61.79	50.73
58.81	-20.5
56.96	21.73
57.52	-22.23
62.94	-0.6
54.85	15.91
54.85	11.71
55.47	-90.54
54.85	11.71
54.85	15.91
54.85	21.47
54.85	11.71
54.85	11.71
54.85	21.47
48.82	13.73
53.97	42.22
53.97	42.22
61.22	16.25
51.16	30.78
51.16	30.69
51.16	30.69
51.16	29.19
53.57	-25.84
51.16	30.78
51.16	30.78
58.87	42.97
52.14	13.2
53.81	-23.28
52.06	-8.42
53.84	-15.91
54.74	-43.59
49.37	18.8
55.86	21.08
62.94	40.82
61.79	49.84
56.67	39.44
56.67	39.44
58.03	40.16
61.79	49.84
57.19	-15.64
57.52	-13.45
53.76	16.87
53.97	-33.29
54.38	-87.48
48.49	-63.11
53.97	-33.29
45.38	-42.01
48.92	-26.86
56.78	38.17
53.1	-9.3
53.1	-9.3
58.7	19.69
55.85	15.18
58.87	43.83
53.81	-28.01
52.06	-22.05
61.8	9.09
55.73	-21.12
55.73	-21.12
63.52	-0.89
55.73	-21.12
54.62	-10.15
55.74	-4.26
58.91	-12.77
55.73	-30.13
56.36	-30.27
49.69	-31.56
55.88	17.08
52.28	-20.04
54.1	-30.64
55.97	-0.99
51.49	23.34
54.61	38.18
60.37	2.59
54.37	-152.09
50.76	9.96
52.26	-96.66
54.89	17.01
58.36	31.24
58.03	35.86
49.84	30.43
49.84	27.01
49.84	30.43
49.84	30.43
46.21	-40.98
50.87	17.66
53.84	-35.5
54.74	-56.41
50.74	29.74
49.37	19.44
56.63	31.49
57.64	33.71
56.19	23.46
61.8	-1.24
47.22	33.66
59.27	41.15
48.21	-62.1
51.64	0.87
59.78	-14.81
60.4	-26.12
61.85	5.73
53.1	-5.52
53.1	-5.52
53.1	-5.52
60.62	-43.4
57.51	35.29
57.51	35.29
55.94	23.33
55.94	28.04
57.51	35.57
57.51	35.29
55.94	28.04
54.85	21.81
54.85	21.81
55.94	27.06
55.47	-50.03
54.85	21.81
54.85	21.81
55.94	28.04
54.85	26.51
54.85	21.81
57.51	35.57
56.53	26.48
54.85	21.81
54.85	26.51
54.85	16.76
54.85	9.93
54.85	9.93
54.85	16.76
54.85	9.93
54.85	20.8
54.85	20.8
54.85	9.93
56.19	26.26
53.95	25.65
54.26	-40.9
54.26	-52.55
42.12	-65.23
54.04	-68.9
50.87	12.98
53.95	30.96
54.26	-41.37
56.13	-37.91
54.26	-39.91
46.78	26.22
47.97	-57.46
43.83	31.63
62.28	-48.51
53.84	-24.75
54.74	-35.31
49.37	20.05
59.76	-99.25
56.13	33.32
59.14	34.24
59.16	18.78
57.7	1.3
55.26	-21.86
55.94	-31.6
51.16	26.67
51.16	26.51
55.73	-23.96
51.16	26.51
55.73	-23.96
57.19	-9.67
51.16	26.67
51.16	26.67
51.91	-29.22
46.04	-29.28
56.71	-16.4
55.65	40.11
46.04	-32.83
52.81	-8.94
48.66	-6.66
56.71	-1.3
55.65	42.8
46.04	-18.94
50.32	33.8
50.32	33.8
58.9	-31.11
57.91	-25.44
49.5	-10.75
49.5	-12.7
49.5	-10.75
49.5	-10.75
49.5	-10.75
49.5	-10.75
52.08	-10.75
55.5	-8.58
55.5	-9.39
53.1	-0.36
53.1	-0.36
53.1	-0.36
51.85	-34.07
61.79	49.99
56.67	41.3
56.67	41.3
58.03	40.4
61.79	49.99
58.81	-19.69
56.96	29.1
57.52	-21.44
59.27	41.78
54.05	18.73
54.05	18.73
54.05	18.73
54.05	18.73
54.05	18.73
54.05	18.73
54.05	18.73
54.05	18.73
54.05	18.73
54.05	18.73
54.92	20.81
54.05	18.73
54.05	18.73
54.05	18.73
54.05	18.73
54.05	18.73
54.05	16.86
58.14	36.97
54.54	31.57
54.05	18.73
54.05	18.73
54.05	18.73
54.05	18.73
54.05	18.73
54.05	18.73
54.05	18.73
54.05	18.73
54.05	18.73
54.05	18.73
47.97	-57.46
62.71	14.96
62.71	14.96
63.29	51.87
61.61	-2.67
58.38	26.93
62.71	14.96
62.71	14.96
61.61	-2.67
61.61	-2.67
61.84	9.64
62.71	14.96
63.29	51.87
62.71	14.96
63.29	51.87
61.84	9.64
61.61	-2.67
61.61	-2.67
61.61	-2.67
61.61	-2.67
61.61	-2.67
61.61	-2.67
62.71	33.24
62.71	33.24
62.71	33.24
61.84	29.52
62.71	33.24
62.71	35.17
62.71	14.96
62.71	12.09
62.71	14.96
62.71	33.24
62.71	6.83
62.71	14.96
62.71	14.96
62.71	14.96
62.71	6.83
62.71	35.17
62.71	33.24
62.71	6.83
62.71	33.24
62.71	14.96
61.61	-2.67
61.61	1.43
60.63	-11.52
47.97	-61.56
60.6	19.93
51.75	15.02
56	22.76
60.6	14.24
51.75	19.14
56	17.68
52.81	-17.4
48.66	-3.96
56.71	-18.11
55.65	43.67
46.04	-15.32
50.32	33.49
50.32	33.49
55.85	12.33
48.21	-70.13
53.98	27.21
49.69	-9.16
52.28	-41.36
55.97	-2.72
51.49	26.32
57.77	-134.1
60.7	5.5
62.81	-33.96
57.77	-100.74
62.94	45.94
61.79	51.6
58.03	42.91
61.79	51.6
58.81	-21.57
56.96	29.62
57.52	-19.06
56.01	31.64
56.01	31.64
56.88	37.07
55.54	-19.05
57.52	-29.89
50.83	4.38
50.83	4.59
44.97	-71.81
50.87	7.56
54.04	-61.17
52.42	11.02
56.21	34.71
56.21	34.71
54.52	22.37
54.52	27.24
56.21	35.02
56.21	34.71
54.52	27.24
54.85	21.86
54.85	21.86
54.52	27.24
55.47	-53.7
54.85	21.86
54.85	21.86
54.52	27.24
54.85	26.69
54.85	21.86
54.85	21.86
54.85	26.69
56.21	35.02
55.24	26.64
59.54	-36.15